# "PAY by square" wordmark outlines.
#
# Traced from the vector artwork in "PAY by square logo manual 1.0.4" (SBA), page 7,
# "basic logo for electronic devices" - the largest instance of the lock-up in the
# document, so the coordinates quantise least. This is the manual's own wordmark, not a
# substitute typeface set to look like it.
#
# Normalised: cap height = 1000 units, baseline at y = 0, y grows downward, and each
# run starts at x = 0 (its own ink left edge). "advance" is where the next run starts,
# measured from this run's origin.
#
# Segments are SVG-style: M x y / L x y / C x1 y1 x2 y2 x y / Z. One glyph contour per line.
reference 1000
run bold advance 2826.7
M678.39 -694.47C678.39 -638.94 669.71 -589.66 652.59 -546.74C635.01 -503.82 609.67 -467.72 576.7 -438.34C542.8 -408.95 503.01 -386.74 454.19 -371.47C405.83 -356.09 349.38 -348.33 284.24 -348.33L201.18 -348.33L201.18 -32.05C201.18 -27.07 199.79 -22.56 196.21 -18.51C192.97 -14.46 187.53 -10.76 179.89 -8.56C172.26 -5.78 161.85 -4.05 149.58 -2.2C136.51 -0.81 120.2 0 100.42 0C80.98 0 64.67 -0.81 51.6 -2.2C38.87 -4.05 28.46 -5.78 20.36 -8.56C12.73 -10.76 7.75 -14.46 4.51 -18.51C0.93 -22.56 0 -27.07 0 -32.05L0 -923.65C0 -947.59 6.36 -965.64 18.63 -977.44C30.77 -989.59 47.89 -995.49 67.79 -995.49L301.48 -995.49C324.97 -995.49 347.52 -994.56 368.81 -993.29C389.63 -990.98 414.85 -987.39 444.7 -981.49C474.55 -975.59 503.93 -964.72 534.59 -948.98C564.9 -933.13 590.7 -913.23 612.33 -888.82C633.62 -864.41 650.28 -836.42 661.61 -803.45C672.49 -771.4 678.39 -735.19 678.39 -694.47Z
M467.72 -680.01C467.72 -714.83 461.48 -743.29 449.21 -765.96C436.6 -788.52 422.14 -804.84 404.44 -815.59C386.4 -826.47 367.42 -833.29 347.99 -835.96C328.09 -838.73 308.19 -840 287.48 -840L201.18 -840L201.18 -503.82L291.99 -503.82C323.58 -503.82 350.76 -508.33 372.4 -516.89C394.15 -525.57 411.73 -537.71 425.73 -553.56C439.26 -568.95 449.68 -587.92 456.96 -609.56C464.14 -631.3 467.72 -654.79 467.72 -680.01Z
M1579.01 -79.48C1584.91 -61.43 1588.96 -46.51 1590.7 -36.09C1592.09 -25.22 1589.89 -17.12 1584.45 -11.68C1578.55 -6.25 1568.6 -3.12 1554.6 -1.74C1540.14 -0.81 1520.25 0 1495.37 0C1469.57 0 1448.87 -0.35 1434.87 -0.81C1419.94 -1.74 1408.61 -3.12 1400.97 -5.78C1393.68 -8.1 1387.78 -10.76 1385.59 -15.27C1382.46 -19.44 1379.69 -24.76 1377.49 -31.58L1310.97 -230.45L938.69 -230.45L875.87 -36.56C874.02 -29.27 871.36 -23.48 868.12 -18.97C864.07 -14 859.09 -9.95 851.92 -7.17C844.17 -4.51 833.76 -2.66 820.22 -1.74C806.69 -0.35 789.1 0 766.89 0C743.87 0 724.9 -0.81 711.82 -2.2C698.29 -4.05 689.15 -7.64 684.17 -13.54C678.85 -18.97 677.46 -27.53 678.85 -38.41C680.12 -48.7 684.17 -63.17 690.54 -81.33L996.53 -960.2C998.73 -969.23 1002.78 -976.05 1006.48 -981.49C1010.99 -986.93 1017.7 -990.98 1025.91 -993.64C1034.94 -996.41 1047.55 -998.15 1063.86 -999.07C1079.13 -1000 1100.42 -1000 1126.68 -1000C1156.06 -1000 1180.01 -1000 1198.52 -999.07C1216.57 -998.15 1230.1 -996.41 1239.59 -993.64C1250 -990.98 1257.29 -986.46 1261.8 -981.03C1265.85 -975.59 1269.44 -967.95 1272.56 -958.01Z
M1123.9 -806.57L1122.98 -806.57L983.34 -385.47L1264.46 -385.47Z
M2029.5 -380.5L2029.5 -32.05C2029.5 -27.07 2027.76 -22.56 2024.53 -18.51C2021.4 -14.46 2015.5 -10.76 2008.33 -8.56C2000.58 -5.78 1990.17 -4.05 1977.09 -2.2C1963.56 -0.81 1947.25 0 1927.81 0C1908.38 0 1891.72 -0.81 1879.45 -2.2C1866.38 -4.05 1855.97 -5.78 1848.33 -8.56C1840.7 -10.76 1834.8 -14.46 1831.56 -18.51C1828.9 -22.56 1827.05 -27.07 1827.05 -32.05L1827.05 -380.5L1556.34 -920.52C1546.51 -939.5 1540.14 -954.42 1537.37 -964.37C1534.24 -975.13 1536.56 -982.88 1541.88 -988.66C1547.78 -993.64 1559.12 -996.88 1574.5 -998.15C1590.24 -999.54 1611.99 -1000 1640.44 -1000C1663.93 -1000 1682.44 -1000 1696.9 -998.61C1710.55 -997.8 1722.24 -995.49 1729.87 -993.29C1738.55 -990.05 1744.33 -986.46 1748.03 -981.49C1752.08 -976.98 1755.67 -971.54 1758.79 -964.37L1869.16 -720.73C1879.92 -697.25 1890.33 -672.37 1901.67 -646.23C1912.08 -620.43 1922.49 -593.24 1933.25 -564.32L1934.64 -564.32C1944.12 -591.97 1954.07 -618.58 1964.48 -644.84C1974.9 -670.99 1984.38 -695.86 1994.33 -718.88L2102.73 -961.13C2105.51 -969.23 2108.63 -976.05 2112.68 -980.56C2116.27 -985.54 2122.17 -989.59 2130.26 -992.83C2137.09 -995.49 2148.43 -997.8 2161.04 -998.61C2174.57 -1000 2192.27 -1000 2214.37 -1000C2243.29 -1000 2265.85 -999.54 2281.7 -998.15C2298.01 -996.88 2308.77 -993.64 2314.67 -988.32C2320.57 -982.88 2321.96 -974.66 2319.18 -964.37C2316.06 -953.49 2310.16 -939.03 2300.21 -920.52Z
run regular advance 6498.84
M687.3 -381.3C687.3 -320.34 680.59 -265.62 667.86 -217.72C654.33 -169.02 635.35 -127.37 610.02 -93.01C584.8 -59.12 554.49 -32.97 517.47 -14.46C481.26 3.7 439.73 13.19 393.11 13.19C370.55 13.19 349.26 10.87 329.01 6.36C309.12 2.31 290.14 -4.97 272.1 -14.46C253.93 -24.41 235.89 -36.56 218.76 -51.02C201.06 -65.94 183.02 -83.99 164.97 -104.81L164.97 -30.19C164.97 -24.76 162.66 -20.25 160.46 -16.66C157.68 -12.61 153.17 -9.49 146.81 -6.71C140.56 -4.05 132 -2.66 121.12 -1.74C110.71 -0.35 97.18 0 82.25 0C65.94 0 52.87 -0.35 42.46 -1.74C32.05 -2.66 23.95 -4.05 17.12 -6.71C10.87 -9.49 6.36 -12.61 3.59 -16.66C1.39 -20.25 0 -24.76 0 -30.19L0 -1037.48C0 -1042.92 1.85 -1047.43 4.51 -1051.48C7.64 -1055.65 12.61 -1059.23 20.82 -1061.89C27.53 -1064.67 37.48 -1066.87 49.75 -1068.26C61.89 -1070.11 77.74 -1070.45 96.25 -1070.45C115.22 -1070.45 131.54 -1070.11 142.76 -1068.26C155.02 -1066.87 165.43 -1064.67 172.61 -1061.89C179.89 -1059.23 185.68 -1055.65 187.99 -1051.48C191.12 -1047.43 192.5 -1042.92 192.5 -1037.48L192.5 -660.23C210.09 -677.81 227.79 -692.27 244.91 -704.42C262.49 -716.68 279.27 -727.09 296.85 -735.19C314.09 -742.83 332.14 -748.73 350.65 -751.97C368.7 -755.55 388.13 -757.29 408.95 -757.29C459.16 -757.29 502.08 -747.45 537.71 -727.09C572.54 -707.2 600.99 -680.01 623.67 -645.77C645.77 -611.41 662.08 -571.61 672.37 -525.91C682.79 -480.33 687.3 -431.98 687.3 -381.3Z
M487.62 -367.31C487.62 -396.69 485.31 -424.69 481.26 -451.87C476.75 -478.94 469.11 -502.89 458.7 -523.72C447.83 -545 433.83 -561.2 416.71 -573.92C399.93 -586.53 378.18 -592.9 351.57 -592.9C339.43 -592.9 326.7 -591.05 314.09 -587.46C301.83 -583.76 289.68 -577.51 276.61 -568.95C263.88 -560.27 250.35 -549.05 236.81 -535.05C222.35 -521.4 208.35 -504.28 192.5 -483.92L192.5 -257.52C220.04 -222.24 245.84 -196.09 270.25 -178.04C295.58 -159.88 321.26 -150.86 347.99 -150.86C373.32 -150.86 394.49 -157.22 412.08 -169.83C428.85 -182.55 443.78 -199.21 454.65 -220.04C466.34 -240.4 474.9 -263.42 479.87 -289.57C485.31 -315.36 487.62 -341.62 487.62 -367.31Z
M1268.51 -4.51L1185.33 237.74C1180.82 250.35 1168.67 259.49 1147.85 265.27C1127.95 270.71 1097.18 273.48 1058.77 273.48C1038.06 273.48 1021.75 272.56 1009.6 270.71C996.88 268.97 987.85 266.2 981.49 261.68C975.71 258.1 972.47 252.66 972 246.76C971.08 240.51 972.93 233.23 976.52 224.2L1067.79 -4.51C1061.08 -7.64 1054.72 -12.15 1049.28 -18.97C1044.31 -24.76 1040.26 -31.58 1038.06 -38.87L802.98 -666.94C795.81 -684.64 792.69 -698.63 792.69 -708.12C792.69 -717.61 795.81 -724.78 801.71 -730.22C808.42 -735.65 818.83 -739.24 832.83 -741.55C847.76 -743.29 866.73 -744.22 890.68 -744.22C912.89 -744.22 929.55 -744.22 942.62 -743.29C955.81 -742.48 965.29 -740.63 972.47 -737.51C979.75 -734.27 985.54 -729.75 988.78 -723.39C992.36 -716.68 995.95 -707.66 999.65 -696.32L1160 -239.01L1162.77 -239.01L1309.58 -705.34C1312.36 -718.53 1316.4 -727.56 1321.38 -731.61C1325.89 -736.12 1334.45 -739.24 1345.33 -741.55C1357.01 -743.29 1376.45 -744.22 1404.56 -744.22C1426.19 -744.22 1444.7 -743.29 1459.16 -741.55C1473.62 -739.24 1484.5 -735.65 1491.67 -729.75C1498.03 -724.32 1502.08 -716.68 1502.08 -707.2C1502.08 -697.71 1499.42 -686.83 1495.84 -674.22Z
M2529.27 -223.62C2529.27 -184.75 2522.1 -150.39 2507.17 -121.01C2492.71 -91.28 2472.35 -66.87 2445.74 -46.51C2419.02 -27.07 2387.9 -11.68 2351.69 -1.74C2315.59 8.21 2275.8 13.19 2233.8 13.19C2208.01 13.19 2183.6 10.87 2160.57 7.29C2137.55 3.7 2116.73 -1.27 2097.76 -7.17C2079.71 -13.07 2064.32 -18.97 2052.06 -25.22C2039.45 -31.58 2030.43 -37.48 2025.45 -42.46C2019.55 -47.89 2015.04 -56.46 2012.26 -67.79C2009.14 -79.48 2007.75 -96.25 2007.75 -118.35C2007.75 -133.27 2007.75 -145.42 2009.14 -154.1C2010.53 -163.12 2011.92 -170.29 2013.65 -175.73C2015.5 -181.17 2018.16 -184.75 2021.4 -186.6C2024.53 -187.99 2028.57 -189.26 2033.09 -189.26C2038.52 -189.26 2046.62 -185.68 2057.96 -179.78C2068.83 -173.07 2082.37 -166.24 2098.68 -158.14C2115.34 -150.86 2134.31 -143.68 2155.6 -136.86C2177.7 -130.5 2202.11 -126.91 2230.1 -126.91C2246.88 -126.91 2262.26 -128.76 2275.8 -132.35C2289.8 -135.93 2301.13 -141.37 2311.43 -147.73C2321.38 -154.56 2329.13 -163.12 2333.64 -173.07C2338.62 -183.48 2341.28 -194.7 2341.28 -208.24C2341.28 -223.62 2336.77 -236.7 2327.28 -247.57C2318.26 -258.91 2305.18 -268.39 2289.8 -276.49C2273.95 -284.71 2256.36 -292.34 2236.93 -299.51C2217.03 -306.8 2197.13 -314.44 2176.31 -323.11C2155.6 -332.14 2135.24 -342.09 2115.8 -352.85C2096.83 -364.18 2078.32 -378.18 2062.93 -394.49C2047.55 -410.69 2034.94 -430.12 2025.45 -453.26C2016.43 -476.28 2011.92 -503.82 2011.92 -536.33C2011.92 -568.95 2017.7 -598.68 2030.43 -626.33C2043.5 -653.4 2061.55 -676.89 2085.49 -696.32C2109.44 -715.76 2138.82 -730.68 2173.65 -741.55C2208.01 -751.97 2246.88 -757.29 2289.8 -757.29C2311.08 -757.29 2331.79 -756.02 2351.69 -752.78C2371.59 -749.65 2390.56 -746.07 2406.87 -741.55C2423.07 -736.58 2436.6 -731.61 2448.4 -726.63C2459.28 -721.19 2466.91 -716.68 2472.35 -712.63C2476.86 -708.58 2480.45 -704.88 2482.76 -700.83C2484.61 -697.25 2485.89 -692.73 2487.27 -687.3C2488.2 -681.86 2489.13 -675.5 2489.47 -667.4C2490.4 -659.76 2490.86 -649.81 2490.86 -638.01C2490.86 -624.02 2490.4 -612.68 2489.47 -604.12C2489.13 -595.56 2487.74 -588.73 2485.89 -583.41C2483.69 -578.44 2481.84 -575.2 2478.71 -573C2475.47 -571.61 2472.35 -570.68 2467.84 -570.68C2463.33 -570.68 2456.04 -573 2446.09 -578.44C2436.6 -584.22 2424.92 -589.66 2410 -595.56C2396 -601.92 2378.76 -607.7 2359.32 -612.68C2340.81 -618.58 2318.72 -620.89 2294.31 -620.89C2276.72 -620.89 2261.8 -619.5 2248.61 -615.92C2236 -612.33 2225.59 -607.36 2217.49 -600.07C2209.39 -593.71 2203.49 -586.07 2198.98 -577.05C2194.93 -568.49 2193.08 -558.54 2193.08 -548.59C2193.08 -532.74 2197.59 -519.2 2207.54 -508.79C2217.03 -497.45 2230.1 -488.43 2245.49 -480.33C2261.8 -472.24 2279.85 -464.48 2299.75 -457.31C2320.11 -450.02 2340.81 -442.39 2360.71 -433.83C2381.54 -425.61 2402.36 -415.2 2422.14 -404.44C2442.5 -393.11 2460.55 -379.57 2475.94 -362.8C2492.25 -346.6 2505.32 -327.16 2514.81 -304.49C2524.76 -281.47 2529.27 -254.86 2529.27 -223.62Z
M3361.29 240.51C3361.29 245.84 3359.9 250.35 3356.78 254.51C3353.54 258.56 3348.1 261.68 3341.39 264.46C3334.1 267.58 3324.16 269.78 3312.01 271.17C3299.75 272.56 3284.01 273.48 3265.5 273.48C3246.41 273.48 3231.14 272.56 3218.88 271.17C3206.73 269.78 3196.78 267.58 3189.03 264.46C3181.86 261.68 3176.89 258.56 3174.11 254.51C3170.99 250.35 3169.6 245.84 3169.6 240.51L3169.6 -83.99C3151.55 -67.33 3133.5 -52.87 3115.92 -40.14C3099.14 -27.53 3081.56 -17.58 3063.86 -9.49C3046.74 -1.74 3029.15 4.16 3010.06 7.75C2992.02 11.34 2972.58 13.19 2951.87 13.19C2902.13 13.19 2859.67 2.78 2824.39 -17.12C2788.64 -37.48 2760.18 -64.55 2738.55 -98.91C2715.53 -133.27 2699.68 -173.07 2689.73 -218.65C2679.32 -264.35 2674.34 -312.7 2674.34 -362.8C2674.34 -423.88 2680.7 -478.02 2694.24 -526.84C2707.31 -575.2 2726.75 -616.84 2752.55 -651.09C2777.88 -684.98 2809.46 -711.24 2846.48 -729.75C2884.08 -748.26 2927 -757.29 2975.82 -757.29C2994.79 -757.29 3012.84 -755.55 3030.43 -751.97C3047.66 -747.8 3065.25 -741.09 3082.02 -731.61C3099.61 -722.58 3117.65 -709.86 3136.63 -694.93C3155.14 -680.01 3175.5 -661.5 3198.06 -639.4L3198.06 -713.91C3198.06 -718.88 3199.44 -723.39 3202.22 -727.09C3205.34 -731.14 3209.86 -734.27 3216.22 -736.58C3222.47 -739.24 3230.68 -741.09 3240.63 -742.48C3251.04 -743.75 3264.11 -744.22 3280.77 -744.22C3295.7 -744.22 3308.88 -743.75 3319.18 -742.48C3330.06 -741.09 3337.81 -739.24 3344.52 -736.58C3350.42 -734.27 3354.93 -731.14 3357.13 -727.09C3359.9 -723.39 3361.29 -718.88 3361.29 -713.91Z
M3169.6 -487.16C3142.53 -521.86 3115.92 -548.59 3090.58 -566.64C3065.25 -585.15 3038.64 -594.17 3010.99 -594.17C2986.12 -594.17 2964.48 -587.92 2946.44 -575.66C2927.93 -563.05 2913.81 -546.27 2903.05 -525.57C2891.72 -504.28 2883.62 -481.26 2878.18 -455C2873.21 -429.32 2870.43 -403.05 2870.43 -375.98C2870.43 -347.41 2872.28 -319.41 2876.79 -291.88C2881.3 -264.81 2889.06 -240.4 2899.35 -220.04C2909.76 -198.75 2924.22 -182.09 2941.46 -169.37C2959.05 -156.29 2980.33 -149.93 3006.94 -149.93C3020.48 -149.93 3033.66 -151.78 3045.81 -155.83C3058.88 -159.42 3071.15 -165.78 3084.22 -174.34C3096.83 -183.48 3110.48 -194.7 3124.48 -208.7C3138.48 -222.7 3153.4 -239.94 3169.6 -260.3Z
M4242.02 -30.19C4242.02 -25.68 4240.63 -21.17 4238.89 -17.12C4236.12 -13.54 4231.61 -9.95 4225.24 -7.64C4218.53 -5.32 4210.32 -3.12 4200.02 -1.74C4189.61 -0.81 4176.08 0 4160.23 0C4143.45 0 4129.92 -0.81 4119.5 -1.74C4108.75 -3.12 4100.53 -5.32 4094.29 -7.64C4088.39 -9.95 4083.87 -13.54 4081.1 -17.12C4078.9 -21.17 4077.51 -25.68 4077.51 -30.19L4077.51 -109.32C4040.03 -68.6 4001.16 -37.95 3962.29 -17.58C3923.42 2.78 3882.69 13.19 3841.16 13.19C3793.73 13.19 3754.4 5.44 3722.81 -9.95C3690.65 -25.22 3664.97 -46.51 3645.07 -72.65C3625.64 -99.38 3611.18 -130.15 3602.61 -165.32C3594.4 -200.14 3590.35 -243.52 3590.35 -295.47L3590.35 -713.91C3590.35 -718.88 3591.74 -723.39 3594.4 -727.09C3597.64 -731.14 3602.61 -734.27 3609.79 -736.58C3617.08 -739.24 3627.37 -741.09 3639.63 -742.48C3651.78 -743.75 3667.63 -744.22 3686.14 -744.22C3705.11 -744.22 3720.5 -743.75 3733.11 -742.48C3745.37 -741.09 3754.86 -739.24 3762.03 -736.58C3769.78 -734.27 3775.22 -731.14 3778.34 -727.09C3781.12 -723.39 3782.86 -718.88 3782.86 -713.91L3782.86 -327.63C3782.86 -291.88 3784.71 -264.35 3789.22 -245.84C3793.73 -226.86 3800.9 -211.01 3810.39 -197.02C3819.88 -183.48 3832.14 -173.07 3847.06 -165.78C3861.06 -158.14 3877.72 -154.91 3897.15 -154.91C3922.03 -154.91 3946.44 -163.58 3971.31 -181.17C3996.65 -199.21 4022.33 -225.47 4050.9 -259.83L4050.9 -713.91C4050.9 -718.88 4052.17 -723.39 4054.95 -727.09C4058.07 -731.14 4062.59 -734.27 4070.34 -736.58C4077.51 -739.24 4087 -741.09 4099.61 -742.48C4111.87 -743.75 4127.26 -744.22 4146.69 -744.22C4165.66 -744.22 4181.05 -743.75 4193.2 -742.48C4205.81 -741.09 4215.29 -739.24 4222.58 -736.58C4229.75 -734.27 4234.73 -731.14 4237.51 -727.09C4240.63 -723.39 4242.02 -718.88 4242.02 -713.91Z
M5057.27 -28C5057.27 -21.17 5054.49 -15.73 5049.51 -11.22C5044.19 -7.64 5036.44 -4.51 5025.57 -2.66C5014.35 -0.81 4998.03 0 4976.75 0C4954.19 0 4937.53 -0.81 4927.12 -2.66C4915.78 -4.51 4909.07 -7.64 4904.44 -11.22C4900.39 -15.73 4897.73 -21.17 4897.73 -28L4897.73 -82.6C4870.2 -52.41 4837.58 -29.27 4801.94 -12.15C4765.73 4.51 4725.59 13.19 4682.21 13.19C4646 13.19 4612.1 8.21 4581.79 -0.81C4551.6 -10.76 4525.34 -24.76 4502.78 -42.92C4481.03 -61.89 4463.91 -84.91 4451.64 -112.45C4439.5 -140.1 4433.13 -172.14 4433.13 -209.16C4433.13 -248.96 4440.88 -283.32 4456.15 -312.7C4471.54 -342.09 4495.03 -366.5 4526.26 -385.47C4557.38 -404.91 4595.44 -418.9 4641.49 -427.93C4687.53 -437.41 4740.51 -441.93 4801.48 -441.93L4867.89 -441.93L4867.89 -482.99C4867.89 -504.74 4866.03 -523.72 4861.52 -539.57C4857.01 -555.76 4849.84 -568.95 4840.35 -579.71C4830.4 -590.58 4816.87 -598.22 4800.09 -603.66C4783.9 -608.63 4763.07 -611.41 4738.66 -611.41C4706.15 -611.41 4677.7 -607.36 4652.36 -600.07C4627.02 -593.24 4605.39 -585.61 4585.96 -576.58C4566.52 -568.02 4550.21 -560.27 4536.67 -553.1C4523.6 -545.81 4513.19 -542.23 4504.97 -542.23C4499.54 -542.23 4494.68 -544.08 4490.05 -547.66C4486 -551.25 4481.95 -556.22 4479.75 -563.05C4476.52 -569.3 4474.32 -577.51 4472.93 -587.46C4471.08 -596.95 4470.62 -607.7 4470.62 -619.5C4470.62 -635.35 4472 -647.96 4474.32 -656.99C4476.98 -666.47 4481.95 -674.69 4489.24 -681.86C4496.41 -689.61 4508.68 -697.25 4526.72 -706.27C4544.31 -715.76 4565.13 -723.39 4589.54 -731.61C4613.49 -739.24 4639.63 -745.14 4668.21 -750.12C4696.67 -755.09 4725.59 -757.29 4755.32 -757.29C4809.12 -757.29 4855.28 -751.97 4892.76 -742.02C4930.7 -731.61 4962.75 -715.29 4986.7 -693.66C5011.11 -671.91 5029.27 -643.45 5040.49 -609.56C5051.83 -575.2 5057.27 -535.05 5057.27 -487.97Z
M4867.89 -320.8L4795.12 -320.8C4763.07 -320.8 4736.81 -318.49 4714.72 -313.98C4693.43 -309 4674.92 -302.29 4661.38 -293.27C4647.39 -283.78 4637.44 -272.91 4631.07 -259.83C4624.83 -247.11 4621.12 -232.18 4621.12 -215.53C4621.12 -186.6 4630.61 -164.04 4648.77 -147.73C4666.82 -131.42 4692.16 -123.32 4724.2 -123.32C4750.81 -123.32 4776.15 -130.15 4798.7 -144.15C4821.38 -157.68 4844.86 -177.58 4867.89 -204.19Z
M5727.9 -650.28C5727.9 -631.77 5727.44 -616.84 5726.05 -605.04C5725.59 -593.24 5723.39 -584.22 5721.54 -577.51C5719.69 -570.68 5717.03 -566.17 5713.91 -563.98C5709.74 -561.2 5706.15 -559.81 5700.72 -559.81C5697.13 -559.81 5692.62 -560.74 5687.18 -562.59C5682.21 -564.32 5676.31 -566.17 5669.6 -568.49C5663.23 -570.22 5656.87 -572.07 5649.24 -573.92C5641.14 -575.66 5632.92 -576.58 5623.9 -576.58C5612.68 -576.58 5602.27 -574.27 5591.39 -570.22C5580.52 -566.17 5569.3 -559 5558.42 -549.86C5546.62 -540.84 5534.47 -528.23 5522.21 -513.3C5509.6 -497.45 5496.07 -478.94 5482.07 -456.39L5482.07 -30.19C5482.07 -25.68 5480.22 -21.17 5477.56 -17.12C5474.32 -13.54 5468.88 -9.95 5461.24 -7.64C5453.96 -5.32 5444.47 -3.12 5432.32 -1.74C5419.71 -0.81 5404.33 0 5385.35 0C5366.84 0 5350.99 -0.81 5338.73 -1.74C5326.58 -3.12 5316.64 -5.32 5309 -7.64C5302.17 -9.95 5296.74 -13.54 5293.61 -17.12C5290.37 -21.17 5289.1 -25.68 5289.1 -30.19L5289.1 -713.91C5289.1 -718.88 5290.37 -723.39 5292.69 -727.09C5295.35 -731.14 5299.86 -734.27 5306.69 -736.58C5313.05 -739.24 5321.61 -741.09 5332.48 -742.48C5342.9 -743.75 5355.51 -744.22 5371.82 -744.22C5388.01 -744.22 5401.55 -743.75 5411.96 -742.48C5422.84 -741.09 5431.4 -739.24 5437.3 -736.58C5443.2 -734.27 5446.78 -731.14 5449.44 -727.09C5452.22 -723.39 5453.61 -718.88 5453.61 -713.91L5453.61 -628.99C5471.66 -654.33 5488.32 -675.5 5504.16 -691.81C5520.01 -708.58 5534.94 -721.66 5549.4 -731.61C5563.4 -741.09 5577.86 -747.8 5591.86 -751.97C5606.32 -755.55 5620.78 -757.29 5634.78 -757.29C5641.95 -757.29 5649.24 -756.94 5656.87 -756.48C5664.16 -755.55 5672.26 -754.16 5680.01 -752.31C5688.57 -750.58 5695.74 -748.73 5701.64 -746.53C5708.01 -744.22 5712.52 -741.55 5715.18 -739.24C5717.49 -736.58 5719.69 -733.8 5721.08 -730.68C5722 -727.56 5723.39 -723.39 5724.66 -718.07C5725.59 -712.63 5726.98 -704.42 5726.98 -694.12C5727.44 -683.25 5727.9 -668.79 5727.9 -650.28Z
M6498.84 -392.18C6498.84 -368.23 6493.41 -351.11 6482.99 -339.77C6472.58 -328.44 6458.58 -323.11 6439.61 -323.11L6023.83 -323.11C6023.83 -294.19 6027.07 -267.93 6034.24 -243.98C6041.53 -220.04 6052.29 -200.14 6067.21 -183.48C6082.14 -166.71 6101.57 -154.1 6125.52 -145.42C6149.01 -136.4 6177.46 -132.35 6210.9 -132.35C6244.79 -132.35 6273.72 -135.12 6299.98 -140.1C6325.31 -144.61 6346.95 -149.93 6365.92 -155.83C6384.43 -161.73 6400.28 -167.17 6412.54 -172.14C6424.69 -176.65 6434.64 -178.85 6442.27 -178.85C6446.9 -178.85 6450.95 -178.51 6454.07 -176.65C6456.39 -174.8 6459.05 -171.68 6460.9 -167.17C6463.56 -162.19 6464.95 -155.83 6465.41 -147.27C6466.22 -138.71 6466.68 -128.3 6466.68 -115.69C6466.68 -104.35 6466.22 -94.86 6466.22 -86.77C6465.41 -79.01 6464.95 -72.3 6463.56 -66.87C6462.17 -60.97 6460.9 -56.46 6459.05 -52.41C6457.2 -48.7 6454.53 -45.12 6450.49 -41.53C6447.25 -37.48 6438.22 -32.97 6423.3 -27.07C6409.3 -20.71 6389.87 -14.46 6367.31 -8.56C6343.82 -3.12 6318.02 2.31 6288.18 6.36C6258.45 10.87 6227.21 13.19 6192.85 13.19C6132.81 13.19 6079.01 5.44 6033.78 -9.95C5987.74 -25.22 5949.33 -48.7 5919.02 -79.48C5888.71 -110.71 5865.22 -149.93 5850.3 -197.48C5835.38 -245.37 5827.74 -300.9 5827.74 -364.65C5827.74 -425.15 5835.38 -480.33 5851.69 -528.69C5867.08 -577.51 5890.56 -619.04 5920.41 -652.94C5950.6 -686.83 5987.27 -712.63 6030.66 -730.68C6074.04 -748.73 6122.4 -757.29 6176.19 -757.29C6233.57 -757.29 6282.39 -748.73 6323 -732.07C6364.18 -715.29 6397.15 -691.81 6422.84 -661.96C6449.56 -632.11 6468.07 -596.95 6480.33 -555.76C6492.94 -515.16 6498.84 -470.85 6498.84 -422.95Z
M6312.12 -447.36C6313.51 -501.16 6302.29 -544.08 6279.62 -574.73C6256.59 -605.97 6220.04 -620.89 6171.68 -620.89C6146.81 -620.89 6126.45 -616.38 6108.4 -607.36C6089.89 -597.87 6074.5 -585.61 6062.7 -570.22C6050.56 -554.49 6041.53 -536.33 6035.17 -515.16C6028.34 -493.87 6025.22 -471.31 6023.83 -447.36Z
